Year_Coll,num_samples,Borough_broad,neighb_code,Neighb_Name,epa_pb_lim,pct_1d_pb_over_epa,num_1d_pb_over_epa,max_1d_pb,min_1d_pb,avg_1d_pb,med_1d_pb,range_1d_pb,med_1d_pb_diff_epa,avg_1d_pb_diff_epa,pct_2d_pb_over_epa,max_2d_pb,min_2d_pb,avg_2d_pb,med_2d_pb,range_2d_pb,med_2d_pb_diff_epa,avg_2d_pb_diff_epa
2020,32,Queens,404,Bayside - Little Neck,0.015,0,0,0.000,0.000,0.0,0.0,0.0,-0.015,-0.015,0,0.010,0.000,0.0012187500000000002,0.0,0.01,-0.015,-0.013781249999999998
2020,182,Brooklyn,203,Bedford Stuyvesant - Crown Heights,0.015,0,0,0.006,0.000,0.0008406593406593411,0.0,0.006,-0.015,-0.014159340659340658,2,0.036,0.000,0.001307692307692308,0.0,0.036,-0.015,-0.013692307692307691
2020,65,Brooklyn,209,Bensonhurst - Bay Ridge,0.015,0,0,0.007,0.000,0.0010461538461538462,0.0,0.007,-0.015,-0.013953846153846153,9,0.038,0.000,0.0034000000000000002,0.0,0.038,-0.015,-0.0116
2020,146,Brooklyn,206,Borough Park,0.015,0,0,0.007,0.000,0.0007397260273972607,0.0,0.007,-0.015,-0.014260273972602738,1,0.042,0.000,0.000979452054794521,0.0,0.042,-0.015,-0.014020547945205478
2020,34,Brooklyn,208,Canarsie - Flatlands,0.015,0,0,0.007,0.000,0.0015,0.0,0.007,-0.015,-0.0135,11,0.082,0.000,0.006235294117647059,0.0,0.082,-0.015,-0.00876470588235294
2020,83,Manhattan,302,Central Harlem - Morningside Heights,0.015,0,0,0.000,0.000,0.0,0.0,0.0,-0.015,-0.015,0,0.011,0.000,0.0004578313253012048,0.0,0.011,-0.015,-0.014542168674698795
2020,112,Manhattan,306,Chelsea - Clinton,0.015,0,0,0.000,0.000,0.0,0.0,0.0,-0.015,-0.015,0,0.013,0.000,0.0004017857142857144,0.0,0.013,-0.015,-0.014598214285714286
2020,90,Brooklyn,210,Coney Island - Sheepshead Bay,0.015,0,0,0.007,0.000,0.001422222222222223,0.0,0.007,-0.015,-0.013577777777777777,6,0.038,0.000,0.002855555555555556,0.0,0.038,-0.015,-0.012144444444444444
2020,15,Bronx,105,Crotona - Tremont,0.015,13,2,0.169,0.007,0.021400000000000006,0.007,0.162,-0.008,0.006400000000000006,0,0.006,0.000,0.00046666666666666666,0.0,0.006,-0.015,-0.014533333333333332
2020,312,Brooklyn,202,Downtown - Heights - Park Slope,0.015,0,0,0.006,0.000,0.0006185897435897438,0.0,0.006,-0.015,-0.014381410256410255,0,0.029,0.000,0.0006634615384615387,0.0,0.029,-0.015,-0.014336538461538461
2020,143,Brooklyn,207,East Flatbush - Flatbush,0.015,0,0,0.006,0.000,0.0010209790209790215,0.0,0.006,-0.015,-0.013979020979020977,0,0.019,0.000,0.00120979020979021,0.0,0.019,-0.015,-0.01379020979020979
2020,18,Manhattan,303,East Harlem,0.015,0,0,0.000,0.000,0.0,0.0,0.0,-0.015,-0.015,0,0.000,0.000,0.0,0.0,0.0,-0.015,-0.015
2020,38,Brooklyn,204,East New York,0.015,0,0,0.003,0.000,0.0005526315789473684,0.0,0.003,-0.015,-0.01444736842105263,0,0.002,0.000,0.00034210526315789477,0.0,0.002,-0.015,-0.014657894736842104
2020,66,Queens,403,Flushing - Clearview,0.015,0,0,0.000,0.000,0.0,0.0,0.0,-0.015,-0.015,6,0.041,0.000,0.003515151515151516,0.0,0.041,-0.015,-0.011484848484848483
2020,29,Bronx,103,Fordham - Bronx Park,0.015,3,1,0.056,0.007,0.008758620689655177,0.007,0.049,-0.008,-0.006241379310344823,0,0.001,0.000,3.4482758620689657e-05,0.0,0.001,-0.015,-0.01496551724137931
2020,32,Queens,406,Fresh Meadows,0.015,0,0,0.000,0.000,0.0,0.0,0.0,-0.015,-0.015,0,0.001,0.000,9.375e-05,0.0,0.001,-0.015,-0.01490625
2020,90,Manhattan,307,Gramercy Park - Murray Hill,0.015,0,0,0.000,0.000,0.0,0.0,0.0,-0.015,-0.015,0,0.008,0.000,0.00020000000000000004,0.0,0.008,-0.015,-0.014799999999999999
2020,116,Brooklyn,201,Greenpoint,0.015,0,0,0.006,0.000,0.0005689655172413793,0.0,0.006,-0.015,-0.01443103448275862,0,0.014,0.000,0.0006206896551724138,0.0,0.014,-0.015,-0.014379310344827586
2020,71,Manhattan,308,Greenwich Village - SoHo,0.015,0,0,0.000,0.000,0.0,0.0,0.0,-0.015,-0.015,0,0.007,0.000,0.0003380281690140845,0.0,0.007,-0.015,-0.014661971830985915
2020,20,Bronx,106,High Bridge - Morrisania,0.015,15,3,0.125,0.007,0.01895,0.007,0.118,-0.008,0.003950000000000002,0,0.004,0.000,0.00035,0.0,0.004,-0.015,-0.01465
2020,13,Bronx,107,Hunts Point - Mott Haven,0.015,0,0,0.008,0.007,0.00730769230769231,0.007,0.001,-0.008,-0.007692307692307689,0,0.000,0.000,0.0,0.0,0.0,-0.015,-0.015
2020,81,Queens,408,Jamaica,0.015,0,0,0.000,0.000,0.0,0.0,0.0,-0.015,-0.015,2,1.721,0.000,0.022580246913580248,0.0,1.721,-0.015,0.0075802469135802485
2020,30,Bronx,101,Kingsbridge - Riverdale,0.015,10,3,0.286,0.007,0.020333333333333335,0.007,0.27899999999999997,-0.008,0.005333333333333336,0,0.010,0.000,0.0004333333333333333,0.0,0.01,-0.015,-0.014566666666666665
2020,203,Queens,401,Long Island City - Astoria,0.015,0,0,0.000,0.000,0.0,0.0,0.0,-0.015,-0.015,2,0.061,0.000,0.0016059113300492616,0.0,0.061,-0.015,-0.013394088669950737
2020,37,Manhattan,310,Lower Manhattan,0.015,0,0,0.000,0.000,0.0,0.0,0.0,-0.015,-0.015,0,0.002,0.000,5.4054054054054054e-05,0.0,0.002,-0.015,-0.014945945945945945
2020,31,Bronx,102,Northeast Bronx,0.015,22,7,0.378,0.007,0.0317741935483871,0.007,0.371,-0.008,0.0167741935483871,0,0.013,0.000,0.0007741935483870968,0.0,0.013,-0.015,-0.014225806451612902
2020,60,Bronx,104,Pelham - Throgs Neck,0.015,18,11,0.675,0.007,0.055850000000000045,0.007,0.668,-0.008,0.040850000000000046,3,0.018,0.000,0.0015166666666666668,0.0,0.018,-0.015,-0.013483333333333333
2020,16,Staten Island,501,Port Richmond,0.015,0,0,0.000,0.000,0.0,0.0,0.0,-0.015,-0.015,0,0.009,0.000,0.0006249999999999999,0.0,0.009,-0.015,-0.014374999999999999
2020,151,Queens,405,Ridgewood - Forest Hills,0.015,0,0,0.000,0.000,0.0,0.0,0.0,-0.015,-0.015,3,0.037,0.000,0.001874172185430464,0.0,0.037,-0.015,-0.013125827814569535
2020,19,Queens,410,Rockaway,0.015,0,0,0.000,0.000,0.0,0.0,0.0,-0.015,-0.015,0,0.005,0.000,0.0002631578947368421,0.0,0.005,-0.015,-0.014736842105263158
2020,28,Staten Island,504,South Beach - Tottenville,0.015,0,0,0.000,0.000,0.0,0.0,0.0,-0.015,-0.015,0,0.006,,0.00035714285714285714,0.0,0.006,-0.015,-0.014642857142857141
2020,49,Queens,409,Southeast Queens,0.015,0,0,0.000,0.000,0.0,0.0,0.0,-0.015,-0.015,6,0.059,0.000,0.0030816326530612244,0.0,0.059,-0.015,-0.011918367346938775
2020,71,Queens,407,Southwest Queens,0.015,0,0,0.000,0.000,0.0,0.0,0.0,-0.015,-0.015,1,0.029,0.000,0.0008732394366197184,0.0,0.029,-0.015,-0.01412676056338028
2020,29,Staten Island,502,Stapleton - St. George,0.015,0,0,0.000,0.000,0.0,0.0,0.0,-0.015,-0.015,0,0.006,0.000,0.0003448275862068966,0.0,0.006,-0.015,-0.014655172413793103
2020,38,Brooklyn,205,Sunset Park,0.015,0,0,0.006,0.000,0.0005263157894736842,0.0,0.006,-0.015,-0.014473684210526316,0,0.015,0.000,0.0007894736842105264,0.0,0.015,-0.015,-0.014210526315789474
2020,112,Manhattan,309,Union Square - Lower East Side,0.015,0,0,0.000,0.000,0.0,0.0,0.0,-0.015,-0.015,0,0.007,0.000,0.00012500000000000003,0.0,0.007,-0.015,-0.014875
2020,82,Manhattan,305,Upper East Side,0.015,0,0,0.000,0.000,0.0,0.0,0.0,-0.015,-0.015,0,0.003,0.000,7.317073170731707e-05,0.0,0.003,-0.015,-0.014926829268292682
2020,188,Manhattan,304,Upper West Side,0.015,0,0,0.000,0.000,0.0,0.0,0.0,-0.015,-0.015,1,0.061,0.000,0.0006010638297872341,0.0,0.061,-0.015,-0.014398936170212765
2020,108,Manhattan,301,Washington Heights - Inwood,0.015,0,0,0.000,0.000,0.0,0.0,0.0,-0.015,-0.015,0,0.004,0.000,0.00011111111111111112,0.0,0.004,-0.015,-0.014888888888888889
2020,147,Queens,402,West Queens,0.015,0,0,0.000,0.000,0.0,0.0,0.0,-0.015,-0.015,2,0.037,0.000,0.0008231292517006804,0.0,0.037,-0.015,-0.01417687074829932
2020,142,Brooklyn,211,Williamsburg - Bushwick,0.015,0,0,0.006,0.000,0.0006760563380281693,0.0,0.006,-0.015,-0.01432394366197183,0,0.016,0.000,0.0007183098591549298,0.0,0.016,-0.015,-0.01428169014084507
2020,20,Staten Island,503,Willowbrook,0.015,0,0,0.000,0.000,0.0,0.0,0.0,-0.015,-0.015,0,0.008,0.000,0.00075,0.0,0.008,-0.015,-0.014249999999999999
